TABVLA SYNOPTICA

NVMERORVM JAFFEANORVM
ET HVIVS EDITIONIS.

Jaffe-Ewald Huius editionis Jaffe-Ewald Huius editionis Jaffe-Ewald Huius editionis

 

n. p. n. n. 12· η. n. p. n.
2954 273 1 2992 292 34 3030 332 5
2955 274 2 2993 293 35 3031 333 7
2958 275 3 2994 330 1 3032 316 3
2959 275 4 2995 293 36 3034 316 4
2960 276 5 2996 294 37 3037 317 5
2961 276 6 2997 295 38 3038 318 6
2962 277 7 2998 296 39 3039 320 7
2963 278 S 2999 296 40 3040 323 8
2964 278 9 3000 297 41 3041 326 9
2965 278 10 3001 298 42 3043 1 1
2966 279 11 3002 298 43 3044 2 2
2967 279 12 3003 299 44 3045 4 5
2968 279 13 3004 300 45 3046 5 6
2969 280 14 3005 301 46 3047 6 7
2970 280 15 3006 302 47 3048 7 8
2971 281 16 3007 302 48 3049 8 9
2972 282 17 3008 303 49 3050 2 3
2973 282 18 3009 303 50 3051 3 4
2974 283 19 ¹ 3010 303 51 3054 11 13
2975 283 20 3011 304 52 3055 12 14
2976 283 21 ¹ 3012 306 53 3056 10 11
2977 285 22 3013 307 54 3057 11 12
2979 286 23 3014 308 55 3058 13 15
2980 287 24 3015 309 56 3059 14 16
2981 287 25 3016 310 57 3060 9 10
2982 288 26 3017 310 58 3061 22 24
2983 288 27 3019 311 59 3062 19 22
2984 289 28 3023 311 60 3063 23 25
2985 289 29 3024 331 2 3064 25 27
2986 290 eb 313 30 et 1 3025 331 3 3065 26 28
2988 315 2 3026 331 4 3067 18 21
2989 291 31 3027 311 61 3068 14 17
2990 291 32 3028 312 62 3069 15 18
2991 292 33 3029 333 ' 6 3070 17 19

 

ΕΡῙεΤοιΛιτ, VII, 2. ΙΙ

