107
108
109

110
{111
112
113
114

115
116

117
{118

119

 

ζ122

126
127
128

{1⁶29 ι,
130 “ ,,

131
133

[133]

[134]

[135]Ι

[136]
[137]
[138]

[139],

[140]

[141]ι

[143]
[143]

[1441 ,

145

1201 3:
121} „

[123
1134)
1135

878

 

 

14ιὲ930
(Sept.)
1

(Sept.10)
(Sept)

V (Oct).
(Ocu-Now)
Nov.

 

Ems‘romn vu, 2.

(Iun. ex. —- Iul. in.)

REGISTRVM IOHANNIS VIII. PAPAE.

 

 

Tres-fis

Synodi Treoensis
initium

· Cabillone

Mauriennae per clusas
montis Ginisii (cf.
n. 145)

 

Eu.‘ 654

118
135
149
128

90 —

91 89

115

 

160
101 99
104
92 90
93 91
113
139
130
111
153
136
137
143
100 98
97 95
159
138
98 96
143
114
133
139
140
141
148
150
151
153
154
156
158 ,3

116 116

3383(104)
3403(130)
3383(105)
3387(109)
3388(110)
3386(108)

3396(117
2407(124
2406(123
2405(122
3391(113)
3393(114)
3433(137)
3385(107)
3389(111)
3890(113)
3376 (98)
3399(118)
3408(135)
3443(155)
3438(143)
3403(119)
3404(131)
3393(115)
3434(138)

(

(

(

sas-‘vv

3439 143)
3430 144)
3431 145)
2434(147)
3435(148)
2436(149)
2437(150)
3438(151)
2ffl9ss5ffi

)

)

2441(154

2414(1 8

ΙΙῘ

 

 

XVH

3163(113)
3170(130)
3131(131)
3166(116)
3158(108)
3159(109)

3177 (125)

3241 (178)
3178 (126)
3144 (9 4)
3145 (95)
3160 (110)
3167 (117)
3168 (118)
3211 (149)
3174 (124)
3172 (122)
3173 (123)
3153 (103)
3181 (127)
3190 (129)
3221 (159)
3214 (152)
3184 (128)
3191 (130)
3161 (111)
3163 (113)
3215 (153)
3216 (154)
3217 (155)
3194 (133)
3195 (134)
3196 135)
3197
3198

(
(13
(1
3318(1
(1
(

'tumeo

3220

3201

6)
7)
6)
8)
139)

