No.

[187
188
189
190
191
192

p-——d—

193
(194)
195

'196
197
193
199
[299]
291
292
293
(294
295
296
297
293
(299
219
1211
212
1213
«214
215
{216
217
213
219
ἷ229
221
222
[223]
[224]
[225]
[226]
[227]

228

 

879
Iun. 7
Iun. 7
(Iun. in.)

Iun.
Iun.
Iun.
Iun.
Iun. 8
Iun. 10
Ῑ1111, 13
Iun. 14

qq-QQ' ¹

(Iun.)
(Iun. ex.)
(Iun. ex. — Iul.)

ι (Aug. inss)

Aug.
Aug.
(Aug)
Aug. 16
Aug.
(Aug)

(sss’pt.)

Se'sst. 21

Oct. l
(Oct.)
Oct. 15

(Oc‘c.)

REGISTRVM IOHANNIS VIII. PAPAE.

Traiecti
Capuae

 

ξ ῃ.223.233.249)

Romae synodus (of.

 

Ed.

193
194
179
180
181
195
191
190
206
192
196
189
197
199
205
186
198
200
201
202
212
207
208
209
210
211
222
223
226
213
214
215
216
230

217
235
218
219
220
221
227

228

 

 

Ood. Jaffe

194 2476 (188)
195 2477 (189)
180 2463 (175)

131 2464(176)

132 2495(177)
196 2475(137)
192 2474(136)
191 2473(199)
297 2479(191)
193 2439(192)
197 2431(193)
190 2432(194)
193 2433(195)
299 2435(197)
296 2499(292)

187

199 2484(196)
291 2436(193)
292 2437(199
293 2433(299 ·

213 2439(291
293 2491(293
299 2493(295
219 2496(297

211 2492(294

212 , 2494(296
223 2595(217
224

 

2275

2509<221
2141

)
)
)
)
)
)
)
)
2596(213)
2497(293)
3
l)
2)
)
)
)

215 1 2493(299
216 ! 2499(210
217 1 2599(21
231 t 2520(23
232

213 ⁸ 2501(212
237 2511(223
219 2592(213
229 259231214 )
221 2593(215)
222 2594(216)
223 2519(222)

229

ΙΙΙ*

2479(132) 3259

XIX

Ewald

3256(193)
3257(194)
3243(139)
3244(131)
3245<132)
3253(195)
3255(192)
3259(196)
3269(197)
3261(193)
3262(199)
3263(299)
3264(291)
3266(293)
3254(191)
(137)
3265(292)
3267(294)
3263(295)
3269(296)
3279(297)
3271 (293)
3272(299)
3273(219)
3274(211)
3275(212)
3236(222)
3237(223)
3299(226)
3277(213)
3273(214)
3279(215)
3239(216)
3399 245)

(

3231(217)
3292(223)
3232(213)
3233(219)
3234(229)
3235(221)
3291(227)

2512 (224) 3294 (230)

