XVI

7«)

73
74
75

76
{77

[78]
[79]

98
99
{100
101
102
103
104
{105

106

 

80
81¹
8-2
83

84
85}
86

 

REGISTRVM IOHANNIS VIII. PAPAE.

878

⁴ (Ian. cx.——Febr.i11. ἔ)

(Febr.)
(Febr.)
(Apr. in.)

(Apssc)

Apr. 16
Apr. 16
Apr.
Apr. 16
(Apr.)
Apr.
Apr. 28
(App)
(Mai. in.)

11ai⁷11
(1731)

¹(Mai.)

(Μέιί. ex. — Iun. in.)

11111. 10 '⁷
(Iun. 2)
(11111.)
(Iun.)

 

Romae synodus

(Ianuae)
Ianuae

Are13tem

Axelassem

Lugdunum

 

Cabillone (ef. n.106.126)

in monasterio Fla-
vimacensi (οἱ. n. 1 ⁹
in villa-Marmania
(cf. n. 106)

⁶

(Ed.

83
84
78
73
74
82
79
86

80
81
66
67
70
71
69
68
72
87
88
89

,96

106

94
107

125
99
120

119

105
133
132
117

134
113
127
155
126

 

1
l
1
ἱ

663

82
83
77
72
73
81
78
85

79
80
65
66
69
70
68
67
71
86
87
88

 

94
104

92
105.
106
126

97
121.
120
119

103
134
133
117
135
112
128
156
127

 

(75) ·

June flamm
2352 (74)) 3119 (70)
2353 (75) 3120 (71)
2347 (69) 3121 (72)
2356 (73) 3122 (73)
2355 (77) 3123 (74)
2354 (76) 3124
2348 (70) 3126 (77)
2349 (71)Ι 3127 (73)
2350 (72) 3123 (79)
2351 (73) 3129 (30)
2357 (79) 3130 (31)
2353 (30) ¹ 3131 (32)
2359 (31) 3132 (33)
2361 (33) 3134 (35)
2362 (34) 3135 (36)
2360 (32) 3133 (34)
2363 (35) 3113 (69)
2364 (36) 3137 (87)
2365 (37) 3138 (88)
2366 (33) 3139 (39)
2367 (3 9) 3140 (90)
2363 (9 0) 3141 (91)
2369 (91) 3146 (96)

237374(95. 314243(92

96) 93)
2411(126) 3165(115)
2372 (94) 3149 (99)
2371 (9 3) 3143 (93)
2370 (9 2) 3147 (97)
2379(101) 3156(106)
2377 (99) 3155(105)
2331(103) 3154(104)
2330(102) 3150(100)
2394(116) 3169(119)
2373(115) 3157(107)

- 3152(102)
2334(106) 3199(133)
2375 (97) 3151(101)

