XX

229

[267]

'²68
(269

231
232
233
234 ¹

 

 

ἶ 879

(Oen)

001219
(Oct.)

002. 24
(Oct. ex.-Nov. in.)
Nov. 19

2. Nov. 20

Nov. 24
(Nov.)

(ΒΞ-ο.)

880
(Ian.)

(Febr.-Mart.)
(Apta

Iun. 20
Iun. 20

Iun. 20
Iun. 26
(Iun-Iul.)
Iul. 18
(Iul.)

³ Aug. 123

(Aug.)
Sept. 10

¹ Sept. 29

Sept, 3( )

¹} Οσῒ.. 30

Ῐῖογ. S

(Nov.
Nov.
Nox .

881
Ian. 25
Febr. 15

REGISTRVM IOHANNIS VIII. PAPAE.

 

Ravennae
(οἱ. n. 249)

Romae synodus
(cf. n. 264

 

Ed. Coa.

236
237
244
238
239
242
243
240
241
248
246
247
231
229
232
233
234
249
250
245

224
225
252
253
254
251
255
256
257
259
258
260
261
262

286
264
265

2661

267
270

 

 

238
239
246
240
241
244
245
242
243
250
248
249
233
230
234
235
236
251
252
247

226
227
254
255
256
253
257
258
259
261
260
262
263

, 264
263 1

265

288
266
267
268

269
272

 

Jaffe'

2518(230)
2526(238)
2515(227)
2529(241)
253ο(242)
2531(243)
2532(244)
2527(239)
2528(24ο)
2514(226)
2516(228)
2513(225)
2517(229)
2519(231)
2521(233)

2523(235)

2522 (234) Ι

2534(246)
2535(247)
2533(245)

2507 (219) ,Ι

2503(22ο)
2536(248)
2537(249)
2538(25ο)

2539(251)ι

254ο(252)
2541(253)
2542(254)
2543(255)
2544(256)
2545(257)
2546(258)
2547(259)
2548(260)

2549(261)
255ο(262)
2551(263)

2552(264)⁵
.

2556(268)

 

 

Ειυαῑά

3293(229)
3295(231)
3302(238)
3298(234)

3299(235)
3300(236)
3301(237)
3296(232)
3297(233)
3306(242>
3304(240)
3305(241)
3311(247)
3310(246)
3312(248)
3313(249)
3314(25ο)
33οτ(243)
3308(244)
3303(239)

3233(224)
3289(225)

, 3315(251)

3316(252)
3317(253)
3318(254)
3319(255)
332ο(256)
3321(257)
3323(259)
3322(258)
3224(260)
3325(261)
3326(262)
3327(263)

3328(254)
3329(265)
3330(266)
3331(267)

Ξ 3333(268)

2557(269) ξ 3334(269)

