 

 

'n-
881
270 (Febr.)
‘271 Febr. 15
(272 (Febr.)
273 Marb. 4
{274 (Mart. in.)
275 Mart. 12
{276 (Mart.)
277 Mart. 14
278 Mart. 23
279 Mar‘c. 29
Apr.
[280] Apr.
[281]
[282] (Apr.)
(Apr.-Mai. 7)
283 Iul.
‘284 (Iul.)
285 Iul. 17
286 Iul. 17
287 Iul. 27
288 (Aug.)
[289]
Sept. 24
290 ch. 4
291 Nov. 11
{292 (Nov.)
[293]
[294]
{[295]
882
296 (Ian.)
Febr. 13
297 (Febr.)
[298]
[299]
[300]
[301]
[302]
(Mart.'.²)
303 (Mart.)
{304 . ,,
305 (Mai.-Iul.)
306

307

Εριετοιηρ VH, 2.

REGISTRVM IOHANNIS VIII. PAPAE.

Romae synodus
(cf. n. ⁴280)

Neapoli
(Romae)

Romae synodus

Ravenna e

Fani
(v. n. 303)

 

 

 

 

 

XXI

Ed. Cod. Jaffrs Ι Ewald
271 273 2559 (271) 3335 (270)
272 274 2558 (270) 3336 (271)
269 271 2564 (276) 3342 (276)
275 277 2560 (272) 3338 (272)
274 276 2561 (273) 3339 (273)
268 270 2562 (274) 3340 (274)
293 295 2563 (275) 3341 (275)
273 275 2565 (277) 3343 (277)
276 278 2566 (278) 3344 (278)
278 280 2567 (279) *5345 (279)
279 281 2568 (2811) 16 (· 811)

»- 288 — w
280 282 2569( 91) ..... 17 ( 81)
282 284 2571 (283) 3349 (2811)
281 283 2570 (282) 1828( 2)
277 279 2573 (285) 33 M‘50 (281)
284 286 2572 (284) 3351 (285)
283 285 2574 (286) 352 (286)

285 287 -
287 289 2575(·287) 532( 87)
289 2912576 (2 88) 3354 (288)
290 292 2612(3106 ) 33 55(·289)
291 293 2613 (307) 3356 (290)
294 296 2578 (2911) 3358 (292)
295 297 2554 (266) 3359 (293)
298 300 2555 (267) 33611 (294)
297 299 2577 (289) 1362 (296)
292 294 2600 (295) 3357 (291)
296 298 2598 (293) 3361 (295)
299 301 2553 (265) 2370 (297)
300 302 2579 (291) 3371 (298)
301 303 2524 (236) :3372 (299)
302 304 2525 (237) 3373 (300)
304 366 26111 (296) 337 7 (304)
309 31126112( 97) ι’,380 (3117)
3116 308 2·605(; 99) :3:375 (302)
303 305 2604 (298) 3374 (301)
307 309 2606 (300) 3376 (303)

 

IV

