8¹77
Ian.
32 Febr.1
33 Febr. 10
{34 thn 10
35 Febr.13
36 ber.27
37 Mart. 15
[38]
39 Effart. 27
{40 Mart. 27
4] Mam. 27
42 Apr. 9
43 Apr.9
44 Apr. 9
45 (Apu)
46 Apr.17
47 Apr. 17
48 Apr. 25
{49 Apr. 25
50 (Apn)
51 Apr. 28
(ἕ) ( ‚2 )
3 (Apr.)
54 Mai . 25
{55 (Effai)
56 Mai. 27
157 Mai. 27
58 (Βᾶᾶὶ)
59 Mai. 27
60 Effar 30
Iun.ex.
61 (Iun.ex.-Iulin)
62 IuL 19
AKug.
(Sept)
Oen
63 Oct. 21
64 Oct. 30
65 Iffov.
{66 1ffov.
[671
878
(c. Ian.2)

{68
69

REGISTRVM IOHANNIS VIII. PAPAE.

 

Ed. Cod.
Neapoli
(cf. n. 32. 45)
(Romae) 34 34
31 31
33 33
32 32
ι 35 35
37 37
38 38
43 43
44 44
45 45
39 39
40 40
41 41
42 42
46 46
47 47
51 51
52 52
53 53
50 50
ι ι 49 49
48 48
55 54
56 55
57 56
58 57
59 58
60 59
54 -
Traiecti (v. n. 61)
(Romae) 61 60
62 61
Ravennae synodus Ι
Vercellis
Papiae
Dertonae
Romae
63 62
85 84
64 63
65 64
75 74
76 75
77 76

 

 

Jaffe

2305
2306
2307
2308
2309
2311
2312
2313
2314
2315
2316
2317
2318
2319
2320
2321
2325
2326
2334
2322
2323
2324
2329
2327
2330
2331
2328
2332

2336
2337

2340
2341
2342
2343
2344

2345
2346

υ

Uterifflff—uzss—ss—
&mi—axla&

wseaevwvv„

Φ

(62)
(63)
(64)
(65)
(66)

(67)
(68)

 

 

(
(
(
(
3006 (
(
(53
(
(
(

3098a 54)
3099 (55)
3100 (56)
3101 (57)
3102 (58)
3103 (59)
3105 (60)
3106 (6
3108 (6

1)
2)

3112 (63)
3113 (64)
3114 (65)
3115 (66)
3125 (76)

3116 (67)
3117 (68)

