xvlll

 

878
Now. 24
146 (Nov. vx.)
{147 .-
148 .,
1-11 1 (Now-Dec.)
150
115,
152 (N0x=·.—De=?.)
{152
154 ..
Dec.
155
156 ‚‚
11' ›7 ‚‚
158 ι ,‚
[1 )9]
[160]
ι 879
[161 Mart. -)
{162 (Mart )
163 .‚
{164 .‚
165 (Mart )
{166 2,
167 .,
168 ,,
169 (Mun-Am.)
170 2,
171 Apr. :3
[172]
173 (Apr.)
[1 41
[175]
[176]
177 (Apr.)
178 ,‚
¹ Mai. 1
179 1
180 Maxi. 2
181 Mai. 6
1182 Mai. 15)
1183 Mai. 20)
1181 (Mai.)
185
1180

 

REGISTRVM IOHANNIS VIII. PAPAE.

Taurini (v, n. 146)

Papiae (v. n. 155)

(Romae)

Romae synodus

 

Ed.

147
146
108
110
121
122
131

95
124

102
103
109
144
145
157

161
162
172
169
164
165
166
187
163
167
168
170
171
173
174
175
176
177

188
178
185
203
204
182
183
184

 

aad. ’

148
147
107
109
122
123
132

93
125

100
101
108
145
146
158

162
163
173
170
165
166
167
188
164
168
169
171
172
174
175
176
177
178

189
179
186
204
205
183
184
185

 

jaffe}

2415(129)
2416(130)
2417 (131)
2412(127)
2418(132)
2419(133)
2425(139)
2426(140)
2427(141)

2422(136)
2420(134)
2421(135)
2432(146)
2433(147)
2440(153)

2446 (159)
2448(160)
2450(162)
2451(163)
2443(156)
2444 (157)
2445(158)
2471(183)
2449(161)
2452(164)
2453(165)
2457(169)
2458(170)
2459(171)
2454(166)
2455(167)
245ss(168)
2460(172)

2461(173)
2462(174)
2469(181)
2472(184)
2473<185)
2466(178)
2467(179)
2468(180)

 

 

 

¹ Ewald

3202(140)
3203(141)
3204(142)
3205(143)
3206(144)
3207(145)
3213(151)
3212(150)
3164(114)

3208(146)
3209(147)
3210(148

3192(131)
3193(132)
3219(157)

3251(188)
3224(162)
3229(167)
3ffi105ffl
3233(170)
3234(171)
3235(172)
3236(173)
3237(174)
3238(175)
3239<176)

3240(177)
3242(179)
3249(186)
3252(189)
3253(190)
3246(183)
3247(184)
3248(185)

